m1.small
1
2
160
418.5
m3.large
2
8
32
135.93
m1.medium
1
4
410
135.93
c3.large
2
4
32
285.39
c1.medium
2
2
350
1345.17
r3.large
2
15
32
404.96
m3.medium
1
4
4
1674
m1.large
2
8
840
361.53
c3.xlarge
4
8
80
257.7
r3.xlarge
4
31
80
839.81
m2.xlarge
2
17
420
346.92
m1.xlarge
4
15
1680
473.06
c3.2xlarge
8
15
160
571.45
d2.xlarge
4
31
6000
530.91
c1.xlarge
8
7
1680
580.7
r3.2xlarge
8
61
160
649.73
i2.xlarge
4
31
800
754.69
m2.2xlarge
4
34
850
763.94
c3.4xlarge
16
30
320
163.54
d2.2xlarge
8
61
12000
701.61
r3.4xlarge
16
122
320
299.47
i2.2xlarge
8
61
1600
439.28
m2.4xlarge
8
68
1680
527.89
cg1.4xlarge
16
23
1680
873.06
g2.8xlarge
32
60
240
787.27
c3.8xlarge
32
60
640
854.16
cc2.8xlarge
32
61
3360
908.58
d2.4xlarge
16
122
24000
403.22
r3.8xlarge
32
244
640
658.72
i2.4xlarge
16
122
3200
927.75
hi1.4xlarge
16
61
2048
231.37
cr1.8xlarge
32
244
240
529.5
hs1.8xlarge
16
117
49152
939.02
d2.8xlarge
36
244
48000
716.77
i2.8xlarge
32
244
6400
763.55